[[[0.25       1.         1.         0.4        0.5        0.625     ]
  [0.75       1.         1.         0.85714286 0.8660254  0.875     ]
  [0.75       1.         1.         0.85714286 0.8660254  0.875     ]
  [0.8        0.5        0.73333333 0.61538462 0.76594169 0.76666667]
  [0.8        0.8        0.93333333 0.8        0.86409876 0.86666667]
  [0.5        1.         1.         0.66666667 0.70710678 0.75      ]
  [0.75       0.75       0.9375     0.75       0.83852549 0.84375   ]
  [0.75       0.5        0.8125     0.6        0.78062475 0.78125   ]
  [0.8        0.8        0.93333333 0.8        0.86409876 0.86666667]
  [0.4        0.66666667 0.93333333 0.5        0.61101009 0.66666667]]

 [[0.25       1.         1.         0.4        0.5        0.625     ]
  [0.5        1.         1.         0.66666667 0.70710678 0.75      ]
  [0.75       1.         1.         0.85714286 0.8660254  0.875     ]
  [0.8        0.5        0.73333333 0.61538462 0.76594169 0.76666667]
  [0.6        0.6        0.86666667 0.6        0.72111026 0.73333333]
  [0.5        1.         1.         0.66666667 0.70710678 0.75      ]
  [1.         0.8        0.9375     0.88888889 0.96824584 0.96875   ]
  [0.75       0.5        0.8125     0.6        0.78062475 0.78125   ]
  [0.6        0.75       0.93333333 0.66666667 0.74833148 0.76666667]
  [0.4        0.66666667 0.93333333 0.5        0.61101009 0.66666667]]

 [[0.5        0.5        0.875      0.5        0.66143783 0.6875    ]
  [1.         0.57142857 0.8125     0.72727273 0.90138782 0.90625   ]
  [0.75       0.75       0.9375     0.75       0.83852549 0.84375   ]
  [0.8        0.5        0.73333333 0.61538462 0.76594169 0.76666667]
  [1.         0.71428571 0.86666667 0.83333333 0.93094934 0.93333333]
  [0.75       0.75       0.9375     0.75       0.83852549 0.84375   ]
  [0.75       0.33333333 0.625      0.46153846 0.6846532  0.6875    ]
  [0.75       0.42857143 0.75       0.54545455 0.75       0.75      ]
  [0.6        0.5        0.8        0.54545455 0.69282032 0.7       ]
  [0.6        1.         1.         0.75       0.77459667 0.8       ]]

 [[0.25       0.5        0.9375     0.33333333 0.48412292 0.59375   ]
  [1.         0.8        0.9375     0.88888889 0.96824584 0.96875   ]
  [1.         0.57142857 0.8125     0.72727273 0.90138782 0.90625   ]
  [0.8        0.5        0.73333333 0.61538462 0.76594169 0.76666667]
  [0.8        0.66666667 0.86666667 0.72727273 0.8326664  0.83333333]
  [0.75       0.75       0.9375     0.75       0.83852549 0.84375   ]
  [0.75       0.375      0.6875     0.5        0.71807033 0.71875   ]
  [0.75       0.375      0.6875     0.5        0.71807033 0.71875   ]
  [0.8        0.5        0.73333333 0.61538462 0.76594169 0.76666667]
  [0.4        0.5        0.86666667 0.44444444 0.58878406 0.63333333]]

 [[0.5        0.66666667 0.9375     0.57142857 0.6846532  0.71875   ]
  [0.75       0.75       0.9375     0.75       0.83852549 0.84375   ]
  [0.5        0.66666667 0.9375     0.57142857 0.6846532  0.71875   ]
  [0.8        0.44444444 0.66666667 0.57142857 0.73029674 0.73333333]
  [0.6        0.6        0.86666667 0.6        0.72111026 0.73333333]
  [0.75       0.33333333 0.625      0.46153846 0.6846532  0.6875    ]
  [0.75       0.23076923 0.375      0.35294118 0.53033009 0.5625    ]
  [0.75       0.42857143 0.75       0.54545455 0.75       0.75      ]
  [0.6        0.33333333 0.6        0.42857143 0.6        0.6       ]
  [0.2        0.33333333 0.86666667 0.25       0.4163332  0.53333333]]]